 <pre>

 Contingency table for Rh2m (%)
 Selection: NorthNorwayFjordRegions     17 stations
Period: 20231002-20231008
Used {00,03,...,21} + 00 03 ... 48
 Limits    30.0000000       50.0000000       65.0000000       75.0000000       85.0000000       95.0000000       100.000000    
 Each class is data <= limit, the very last > last limit
 Total number of values        4573
                                              OBSERVATION
                                      0        0        0        0        0        0        0        0 |         0
                                      0        0        2        0        0        0        0        0 |         2
                                      0        0       67       35       39       11        5        0 |       157
  AROME_ARCTIC_preop2_v5mbr000        0        0       44      191      202      184       43        0 |       664
                                      0        0       28      166      607      696      257        0 |      1754
                                      0        0       25       50      289      982      466        0 |      1812
                                      0        0        0        1       16       98       69        0 |       184
                                      0        0        0        0        0        0        0        0 |         0

                    SUM               0        0      166      443     1153     1971      840        0 |      4573
                                              OBSERVATION
                                      0        0        0        0        0        0        0        0 |         0
                                      0        0        0        0        0        0        0        0 |         0
                                      0        0       72       30       24       16        8        0 |       150
     AROME_Arctic_preop2mbr000        0        0       40      153      183      185       45        0 |       606
                                      0        0       29      207      579      680      264        0 |      1759
                                      0        0       25       52      354     1006      439        0 |      1876
                                      0        0        0        1       13       84       84        0 |       182
                                      0        0        0        0        0        0        0        0 |         0

                    SUM               0        0      166      443     1153     1971      840        0 |      4573
                                              OBSERVATION
                                      0        0        0        0        0        0        0        0 |         0
                                      0        0        0        0        0        0        0        0 |         0
                                      0        0       80       35       29        8        4        0 |       156
AROME_ARCTIC_preop2_v5_CSmbr00        0        0       37      190      217      217       49        0 |       710
                                      0        0       26      163      587      697      253        0 |      1726
                                      0        0       23       53      308      919      440        0 |      1743
                                      0        0        0        2       12      130       94        0 |       238
                                      0        0        0        0        0        0        0        0 |         0

                    SUM               0        0      166      443     1153     1971      840        0 |      4573
                                              OBSERVATION
                                      0        0        0        0        0        0        0        0 |         0
                                      0        0        2        0        0        0        0        0 |         2
                                      0        0       71       46       35       12        0        0 |       164
       AROME_Arctic_prodmbr000        0        0       35      121      136       92       30        0 |       414
                                      0        0       27      196      434      440      103        0 |      1200
                                      0        0       31       78      478     1070      402        0 |      2059
                                      0        0        0        2       70      357      305        0 |       734
                                      0        0        0        0        0        0        0        0 |         0

                    SUM               0        0      166      443     1153     1971      840        0 |      4573

