 <pre>

 Contingency table for T2m (deg C)
 Selection: NorthNorwayFjordRegions      7 stations
Period: 19920901-19920930
Used {00,03,...,21} + 00 03
 Limits   -30.0000000      -20.0000000      -15.0000000      -10.0000000      -5.00000000       0.00000000       5.00000000       10.0000000       15.0000000       20.0000000       25.0000000       30.0000000    
 Each class is data <= limit, the very last > last limit
 Total number of values        2421
                                                                         OBSERVATION
                                      0        0        0        0        0        0        0        0        0        0        0        0        0 |         0
                                      0        0        0        0        0        0        0        0        0        0        0        0        0 |         0
                                      0        0        0        0        0        0        0        0        0        0        0        0        0 |         0
                                      0        0        0        0        0        0        0        0        0        0        0        0        0 |         0
                                      0        0        0        0        0        0        0        0        0        0        0        0        0 |         0
                                      0        0        0        0        0        4        7       12        0        0        0        0        0 |        23
                           CTL        0        0        0        0        0        0      173      178        2        0        0        0        0 |       353
                                      0        0        0        0        0        0       52     1045      196        2        0        0        0 |      1295
                                      0        0        0        0        0        0        0      165      544       11        0        0        0 |       720
                                      0        0        0        0        0        0        0        0       18       11        0        0        0 |        29
                                      0        0        0        0        0        0        0        0        1        0        0        0        0 |         1
                                      0        0        0        0        0        0        0        0        0        0        0        0        0 |         0
                                      0        0        0        0        0        0        0        0        0        0        0        0        0 |         0

                    SUM               0        0        0        0        0        4      232     1400      761       24        0        0        0 |      2421
                                                                         OBSERVATION
                                      0        0        0        0        0        0        0        0        0        0        0        0        0 |         0
                                      0        0        0        0        0        0        0        0        0        0        0        0        0 |         0
                                      0        0        0        0        0        0        0        0        0        0        0        0        0 |         0
                                      0        0        0        0        0        0        0        0        0        0        0        0        0 |         0
                                      0        0        0        0        0        0        0        0        0        0        0        0        0 |         0
                                      0        0        0        0        0        4        7       10        0        0        0        0        0 |        21
                           DEV        0        0        0        0        0        0      167      182        2        0        0        0        0 |       351
                                      0        0        0        0        0        0       58     1040      191        2        0        0        0 |      1291
                                      0        0        0        0        0        0        0      168      549       11        0        0        0 |       728
                                      0        0        0        0        0        0        0        0       18       11        0        0        0 |        29
                                      0        0        0        0        0        0        0        0        1        0        0        0        0 |         1
                                      0        0        0        0        0        0        0        0        0        0        0        0        0 |         0
                                      0        0        0        0        0        0        0        0        0        0        0        0        0 |         0

                    SUM               0        0        0        0        0        4      232     1400      761       24        0        0        0 |      2421

