 <pre>

 Contingency table for U10m (m/s)
 Selection: NorthNorwayFjordRegions      7 stations
Period: 19920901-19920930
Used {00,03,...,21} + 00 03
 Limits    1.50000000       3.29999995       5.50000000       8.00000000       10.8000002       13.8999996       24.5000000    
 Each class is data <= limit, the very last > last limit
 Total number of values        2423
                                              OBSERVATION
                                    275      147       43        3        0        0        0        0 |       468
                                    306      356      172       17        2        0        0        0 |       853
                                     88      219      271      102        0        3        0        0 |       683
                           CTL       45       33      102      124       26        3        0        0 |       333
                                      3       14       16       22       16        1        0        0 |        72
                                      4        4        1        0        0        3        0        0 |        12
                                      0        2        0        0        0        0        0        0 |         2
                                      0        0        0        0        0        0        0        0 |         0

                    SUM             721      775      605      268       44       10        0        0 |      2423
                                              OBSERVATION
                                    290      157       43        7        0        0        0        0 |       497
                                    285      348      165       16        0        0        0        0 |       814
                                     93      211      279       96        1        4        0        0 |       684
                           DEV       46       40      103      129       30        2        0        0 |       350
                                      5       13       15       20       13        2        0        0 |        68
                                      2        4        0        0        0        2        0        0 |         8
                                      0        2        0        0        0        0        0        0 |         2
                                      0        0        0        0        0        0        0        0 |         0

                    SUM             721      775      605      268       44       10        0        0 |      2423

