 <pre>

 Contingency table for Cloud cover (octas)
 Selection: NorthNorwayFjordRegions      2 stations
Period: 20231002-20231008
Used {00,03,...,21} + 00 03 ... 48
 Limits   0.500000000       1.50000000       2.50000000       3.50000000       4.50000000       5.50000000       6.50000000       7.50000000    
 Each class is data <= limit, the very last > last limit
 Total number of values         532
                                                       OBSERVATION
                                      0        0        0        0        0        0        0        1        3 |         4
                                      0        0        0        0        0        1        1        2       13 |        17
                                      0        0        1        0        0        1        1        3        4 |        10
                                      0        0        0        0        1        0        3        2        3 |         9
  AROME_ARCTIC_preop2_v5mbr000        0        0        0        0        2        1        1        0        5 |         9
                                      0        0        0        0        0        1        1        2        5 |         9
                                      0        0        0        0        2        4        1        3        5 |        15
                                      0        1        0        1        1        2        4        8       16 |        33
                                      0        8        4        4       10       41       53       66      240 |       426

                    SUM               0        9        5        5       16       51       65       87      294 |       532
                                                       OBSERVATION
                                      0        0        0        0        0        0        2        0        5 |         7
                                      0        0        0        0        1        1        2        3        8 |        15
                                      0        0        1        0        0        2        0        2        8 |        13
                                      0        0        0        0        0        2        1        4        3 |        10
     AROME_Arctic_preop2mbr000        0        0        0        0        0        0        4        0        7 |        11
                                      0        0        1        0        1        1        3        2       10 |        18
                                      0        0        1        1        0        2        1        3       11 |        19
                                      0        0        1        0        0        6        7        5       18 |        37
                                      0        9        1        4       14       37       45       68      224 |       402

                    SUM               0        9        5        5       16       51       65       87      294 |       532
                                                       OBSERVATION
                                      0        0        0        0        0        0        1        2        3 |         6
                                      0        0        0        0        0        2        0        0        4 |         6
                                      0        0        0        0        1        1        1        3        3 |         9
                                      0        0        0        0        1        3        1        2        6 |        13
AROME_ARCTIC_preop2_v5_CSmbr00        0        0        1        0        1        1        1        1        8 |        13
                                      0        0        0        0        0        3        3        2        7 |        15
                                      0        2        0        0        1        3        7        3        9 |        25
                                      0        0        1        0        2        2        4        9       18 |        36
                                      0        7        3        5       10       36       47       65      236 |       409

                    SUM               0        9        5        5       16       51       65       87      294 |       532
                                                       OBSERVATION
                                      0        0        0        0        0        0        2        0        4 |         6
                                      0        0        0        0        0        0        1        3        7 |        11
                                      0        0        0        0        0        1        2        1        5 |         9
                                      0        0        0        0        0        2        2        4        7 |        15
       AROME_Arctic_prodmbr000        0        0        0        0        0        6        2        0       10 |        18
                                      0        0        1        0        1        3        0        6        4 |        15
                                      0        1        3        0        2        4        6        1       17 |        34
                                      0        2        0        0        2        5        4        7       17 |        37
                                      0        6        1        5       11       30       46       65      223 |       387

                    SUM               0        9        5        5       16       51       65       87      294 |       532

